A = [1, 2, 3, 4; 5, 6, 7, 8; 9, 10, 11, 12; 13, 14, 15, 16]

A(4, 2)
A(8)
A(1:3, 2)
A(3, :)

A(4, 5) = 17
A

B = 3:10:100
B = 0:10:100
B = 1:10
